2007-10-12T10:01:00.000Z	ubuntu		test
2007-10-12T10:02:00.000Z	ubuntu		try for ubuntu ultimate live cd
2007-10-12T10:04:00.000Z	ubuntu		selamat berpuasa
2007-10-12T08:00:00.000Z	Tritonio	ubuntu	7.04
