2008-12-17T21:11:00.000Z	deanharris		anyone know the program called processing? can you help me with the program as im trying to do something.
2008-12-17T21:12:00.000Z	deanharris		!tab
2008-12-17T21:12:00.000Z	deanharris		!tab baz ?
2008-12-17T21:13:00.000Z	bazhang	deanharris	baz <tab>
