2011-07-04T22:04:00.000Z	safetynet		Best site to use for Pasting is ? ?
2011-07-04T22:04:00.000Z	safetynet		ikonia; Thanks
2011-07-04T22:06:00.000Z	safetynet		What is best site to use for temporary screenshot paste to use ? ?
2011-07-04T22:07:00.000Z	trakinas	safetynet	imageshack.us
