2006-12-25T16:05:00.000Z	fisheye		hi
2006-12-25T16:06:00.000Z	fisheye		i've have this particular freeze, and cant find info on it anywere
2006-12-25T16:06:00.000Z	fisheye		i wonder if anyone had this problem
2006-12-25T16:06:00.000Z	The-Fox	fisheye	which one ?
