2006-05-29T15:46:00.000Z	Flannel		!dapper
2006-05-29T15:46:00.000Z	minimec	Flannel	THX
2007-09-16T14:24:00.000Z	Flannel	minimec	#ubuntu+1
2007-09-16T14:24:00.000Z	minimec	Flannel	THX
