2008-07-24T02:57:00.000Z	hiptobecubic	purplestar	i prefer "doublelover"
2008-07-24T02:57:00.000Z	purplestar	hiptobecubic	lol
2008-07-24T03:01:00.000Z	hiptobecubic	purplestar	google
2008-07-24T03:01:00.000Z	purplestar	hiptobecubic	no google doesnt have any
