2009-04-06T03:43:00.000Z	Stupendoussteve	raylu	There is not
2009-04-06T03:44:00.000Z	raylu	Stupendoussteve	sorry, what?
2009-04-06T03:44:00.000Z	Stupendoussteve	raylu	You cannot mount ext4 as ext3
2009-04-06T03:45:00.000Z	raylu	Stupendoussteve	oh
