2008-11-09T14:55:00.000Z	aladdin		hell
2008-11-09T14:55:00.000Z	aladdin		hello
2008-11-09T14:55:00.000Z	aladdin		who are you all
2008-11-09T14:56:00.000Z	Yuji1	aladdin	Every one is every one.
